0,0,打字旋风-问号.bmp,打字旋风-问号-2.bmp,打字旋风-问号.bmp,22,12,15,15,22,12,15,15,23,13,15,15,22,12,37,27
0,1,打字旋风-缩小.bmp,打字旋风-缩小-2.bmp,打字旋风-缩小.bmp,664,12,15,15,664,12,15,15,665,13,15,15,664,12,679,27
0,2,打字旋风-关闭.bmp,打字旋风-关闭-2.bmp,打字旋风-关闭.bmp,684,12,15,15,684,12,15,15,685,13,15,15,684,12,699,27
0,4,打字旋风-打字教学.bmp,打字旋风-打字教学.bmp,打字旋风-打字教学.bmp,126,455,65,19,126,455,65,19,127,456,65,19,96,449,223,475
0,5,打字旋风-测试考核.bmp,打字旋风-测试考核.bmp,打字旋风-测试考核.bmp,259,455,65,19,259,455,65,19,260,456,65,19,228,449,352,475
0,6,打字旋风-查看成绩.bmp,打字旋风-查看成绩.bmp,打字旋风-查看成绩.bmp,387,455,65,19,387,455,65,19,388,456,65,19,357,449,483,475
0,7,打字旋风-系统设置.bmp,打字旋风-系统设置.bmp,打字旋风-系统设置.bmp,519,455,65,19,519,455,65,19,520,456,65,19,487,449,612,475

1000000,0,打字旋风-问号.bmp,打字旋风-问号-2.bmp,打字旋风-问号.bmp,0,6,15,15,0,6,15,15,1,7,15,15,0,6,15,21
1000000,1,打字旋风-缩小.bmp,打字旋风-缩小-2.bmp,打字旋风-缩小.bmp,18,6,15,15,18,6,15,15,19,7,15,15,18,6,33,21
1000000,2,打字旋风-关闭.bmp,打字旋风-关闭-2.bmp,打字旋风-关闭.bmp,36,6,15,15,36,6,15,15,37,7,15,15,36,6,51,21
1000000,4,打字旋风-打字教学-2.bmp,打字旋风-打字教学-2.bmp,打字旋风-打字教学-2.bmp,36,14,55,14,36,14,55,14,37,15,55,14,7,9,118,29
1000000,5,打字旋风-测试考核-2.bmp,打字旋风-测试考核-2.bmp,打字旋风-测试考核-2.bmp,150,14,56,14,150,14,56,14,151,15,56,14,122,9,232,29
1000000,6,打字旋风-查看成绩-2.bmp,打字旋风-查看成绩-2.bmp,打字旋风-查看成绩-2.bmp,264,14,55,14,264,14,55,14,265,15,55,14,236,9,347,29
1000000,7,打字旋风-系统设置-2.bmp,打字旋风-系统设置-2.bmp,打字旋风-系统设置-2.bmp,380,14,55,14,380,14,55,14,381,15,55,14,350,9,461,29
1000000,8,打字旋风-退出.bmp,打字旋风-退出.bmp,打字旋风-退出.bmp,8,0,89,32,8,0,89,32,9,1,89,32,8,0,97,32
1000000,9,打字旋风-课程选择.bmp,打字旋风-课程选择.bmp,打字旋风-课程选择.bmp,18,12,64,16,18,12,64,16,19,13,64,16,1,1,98,31
1000000,10,打字旋风-设置.bmp,打字旋风-设置.bmp,打字旋风-设置.bmp,33,12,33,16,33,12,33,16,34,13,33,16,1,1,98,31