0,0,打字旋风-问号.bmp,打字旋风-问号-2.bmp,打字旋风-问号.bmp,32,18,15,15,32,18,15,15,33,19,15,15,32,18,47,35
0,1,打字旋风-缩小.bmp,打字旋风-缩小-2.bmp,打字旋风-缩小.bmp,856,18,15,15,856,18,15,15,857,19,15,15,856,18,871,35
0,2,打字旋风-关闭.bmp,打字旋风-关闭-2.bmp,打字旋风-关闭.bmp,876,18,15,15,876,18,15,15,877,19,15,15,876,18,891,35
0,4,打字旋风-打字教学.bmp,打字旋风-打字教学.bmp,打字旋风-打字教学.bmp,164,586,79,20,164,586,79,20,165,587,79,20,121,578,285,610
0,5,打字旋风-综合练习.bmp,打字旋风-综合练习.bmp,打字旋风-综合练习.bmp,328,586,79,21,328,586,79,21,329,587,79,21,289,578,450,610
0,6,打字旋风-查看成绩.bmp,打字旋风-查看成绩.bmp,打字旋风-查看成绩.bmp,495,586,79,20,495,586,79,20,496,587,79,20,455,578,617,610
0,7,打字旋风-系统设置.bmp,打字旋风-系统设置.bmp,打字旋风-系统设置.bmp,662,586,79,20,662,586,79,20,663,587,79,20,622,578,783,610

1000000,0,打字旋风-问号.bmp,打字旋风-问号-2.bmp,打字旋风-问号.bmp,0,6,15,15,0,6,15,15,1,7,15,15,0,6,15,21
1000000,1,打字旋风-缩小.bmp,打字旋风-缩小-2.bmp,打字旋风-缩小.bmp,18,6,15,15,18,6,15,15,19,7,15,15,18,6,33,21
1000000,2,打字旋风-关闭.bmp,打字旋风-关闭-2.bmp,打字旋风-关闭.bmp,36,6,15,15,36,6,15,15,37,7,15,15,36,6,51,21
1000000,4,打字旋风-打字教学-2.bmp,打字旋风-打字教学-2.bmp,打字旋风-打字教学-2.bmp,36,14,55,14,36,14,55,14,37,15,55,14,7,9,118,29
1000000,5,打字旋风-综合练习-2.bmp,打字旋风-综合练习-2.bmp,打字旋风-综合练习-2.bmp,150,14,56,14,150,14,56,14,151,15,56,14,122,9,232,29
1000000,6,打字旋风-查看成绩-2.bmp,打字旋风-查看成绩-2.bmp,打字旋风-查看成绩-2.bmp,264,14,55,14,264,14,55,14,265,15,55,14,236,9,347,29
1000000,7,打字旋风-系统设置-2.bmp,打字旋风-系统设置-2.bmp,打字旋风-系统设置-2.bmp,380,14,55,14,380,14,55,14,381,15,55,14,350,9,461,29
1000000,8,打字旋风-退出.bmp,打字旋风-退出.bmp,打字旋风-退出.bmp,8,0,89,32,8,0,89,32,9,1,89,32,8,0,97,32
1000000,9,打字旋风-课程选择.bmp,打字旋风-课程选择.bmp,打字旋风-课程选择.bmp,18,12,64,16,18,12,64,16,19,13,64,16,1,1,98,31
1000000,10,打字旋风-设置.bmp,打字旋风-设置.bmp,打字旋风-设置.bmp,33,12,33,16,33,12,33,16,34,13,33,16,1,1,98,31
1000000,101,打字旋风-设置.bmp,打字旋风-设置.bmp,打字旋风-设置.bmp,43,22,33,16,43,22,33,16,44,23,33,16,11,11,108,41
1000000,102,打字旋风-开始.bmp,打字旋风-开始.bmp,打字旋风-开始.bmp,148,22,33,16,148,22,33,16,149,23,33,16,116,11,223,41
1000000,103,打字旋风-停止.bmp,打字旋风-停止.bmp,打字旋风-停止.bmp,253,22,33,16,253,22,33,16,254,23,33,16,221,11,329,41
1000000,1001,Input\\cn1.bmp,Input\\cn2.bmp,Input\\cn3.bmp,0,0,62,62,0,0,62,62,0,0,62,62,0,0,62,62
1000000,1002,Input\\en1.bmp,Input\\en2.bmp,Input\\en3.bmp,0,0,62,62,0,0,62,62,0,0,62,62,0,0,62,62
1000000,1003,Input\\a1.bmp,Input\\a2.bmp,Input\\a3.bmp,0,0,62,62,0,0,62,62,0,0,62,62,0,0,62,62
1000000,1004,Input\\ban1.bmp,Input\\ban2.bmp,Input\\ban3.bmp,62,12,50,50,62,12,50,50,62,12,50,50,62,12,112,62
1000000,1005,Input\\quan1.bmp,Input\\quan2.bmp,Input\\quan3.bmp,62,12,50,50,62,12,50,50,62,12,50,50,62,12,112,62
1000000,1006,Input\\cn_biaodian1.bmp,Input\\cn_biaodian2.bmp,Input\\cn_biaodian3.bmp,112,28,34,34,112,28,34,34,112,28,34,34,112,28,146,62
1000000,1007,Input\\en_biaodian1.bmp,Input\\en_biaodian2.bmp,Input\\en_biaodian3.bmp,112,28,34,34,112,28,34,34,112,28,34,34,112,28,146,62
