49.65
860.63
7910.34
60426.83
93.84
759.16
5023.07
84109.53
86.52
675.82
7624.95
74351.02
29.13
371.24
8514.79
58417.09
38.21
710.84
3902.67
58209.16
59.64
863.06
7019.34
42606.38
83.49
759.16
3027.05
51048.39
85.62
725.86
6795.24
54201.73
32.19
741.32
4918.57
48109.57
28.13
740.18
9720.36
69201.85
49.65
636.08
9140.73
64302.68
83.94
596.17
3070.52
48930.15
58.62
857.62
5642.79
50371.24
93.12
432.71
5481.79
95014.78
38.12
471.08
7930.26
61025.89
95.64
630.68
7430.19
60842.63
83.94
695.71
3072.05
54310.98
85.26
862.57
4975.62
52073.14
29.31
214.37
7591.84
40819.75
28.13
470.18
7029.63
62905.81
96.45
603.86
3170.49
64083.26
49.83
759.16
7025.03
54938.01
52.86
826.57
7594.26
74130.25
31.92
423.71
8195.74
90574.18
31.82
804.17
6207.39
60925.81
