476.19
6509.13
20873.69
35.16
720.68
6809.34
46035.62
80.25
938.25
6405.36
52097.18
94.27
918.52
3987.41
35178.24
60.12
819.74
5470.91
53072.14
73.48
649.71
5930.61
69803.72
56.13
780.62
8430.96
36254.06
58.02
529.38
6340.56
80275.91
79.24
581.92
9137.48
37528.14
60.12
749.18
7915.04
54271.03
83.47
649.71
6103.59
38069.27
51.36
608.27
8940.36
46025.63
50.82
932.58
6054.36
29507.18
92.74
928.51
8391.74
54128.73
21.06
819.74
5107.49
43271.05
47.83
469.71
6130.95
63097.82
36.51
680.72
6048.39
64053.26
50.82
583.29
6305.46
25098.17
94.72
819.25
7394.81
45237.81
61.02
819.47
7015.94
35107.42
48.37
914.67
3509.16
68209.73
63.51
860.72
6380.49
40563.26
85.02
592.83
6305.46
87120.59
74.29
812.59
4819.37
52714.38
61.02
849.71
5704.91
57301.24
84.73
