13.94
631.84
1792.56
39071.04
35.62
683.75
9745.06
37509.64
40.25
280.91
4109.38
25873.04
30.68
287.94
2410.65
37298.61
72.18
854.73
5924.68
26507.91
93.41
364.18
2159.76
30194.07
62.53
576.38
7610.59
64309.75
52.04
810.92
4083.19
34708.52
68.03
279.48
1042.65
71293.68
81.27
473.85
4529.68
17905.26
31.49
864.31
6157.92
43017.09
52.63
853.76
5176.09
30549.76
42.05
102.98
3408.91
37042.85
83.06
849.27
2016.45
12687.93
81.27
748.35
5846.92
25609.71
39.41
318.46
6571.92
70419.30
53.26
586.37
6905.71
30975.46
20.54
912.08
3891.04
84052.73
83.06
729.84
6145.02
19283.76
71.28
748.35
4962.58
19027.65
31.49
438.61
7516.92
40971.03
63.25
378.56
1906.57
34790.65
20.52
108.29
3918.04
38072.54
80.36
842.79
2015.46
29368.17
78.21
354.78
4628.95
25107.96
