34905.28
86.91
850.96
4907.83
57980.13
52.19
841.76
6084.17
24150.76
84.25
652.83
4358.92
71932.08
31.26
679.07
5407.63
42930.17
90.47
629.51
5172.36
48953.02
89.16
608.35
3807.94
83107.95
25.91
647.18
4761.08
72416.05
48.25
368.52
3584.29
91207.83
61.32
740.69
5603.74
72943.01
40.97
512.95
5361.72
83042.95
98.61
683.05
7938.04
51038.79
25.91
847.61
8106.74
46170.25
58.42
528.63
4829.53
28093.17
32.16
690.47
6047.35
29347.01
97.04
526.19
6523.71
52904.83
96.18
653.08
7084.93
75093.81
91.25
648.17
6170.48
62405.71
58.42
385.26
5948.23
72830.91
63.12
706.94
6370.54
34720.91
94.07
529.16
3627.15
58203.49
86.91
638.05
8409.73
39105.87
91.52
716.84
7480.61
27156.04
52.48
836.25
5283.94
38190.27
13.62
749.06
5740.36
41029.73
70.94
615.92
3625.17
