9182.36
51604.37
92.18
724.08
7532.01
54201.93
50.14
750.86
4925.06
42506.83
46.71
902.68
4973.86
36918.02
41.53
512.37
5739.46
39047.18
79.85
697.82
6189.23
37510.46
82.19
824.07
2150.73
45910.32
40.15
785.06
5402.69
34052.68
64.17
829.06
7943.86
62018.39
45.31
731.52
9465.37
97041.83
85.79
867.29
6192.83
75301.46
82.19
708.42
5103.72
43105.29
14.05
706.58
4625.09
36580.24
61.74
920.68
4786.93
61820.39
53.14
731.25
6497.35
18430.97
87.95
869.27
3192.86
47301.56
82.91
407.28
5027.13
53091.42
15.04
780.56
6204.95
42056.83
61.74
802.69
7948.63
38106.29
41.35
251.73
6357.94
83710.49
95.87
792.86
3918.26
75106.43
82.91
820.74
5310.27
52140.93
50.14
607.58
6490.25
64038.25
46.17
890.62
6479.83
60821.93
51.43
713.25
4697.35
74081.39
79.85
697.82
