305.16
36284.19
29.74
9705.84
502.18
79302.64
70.15
5849.36
251.84
51430.67
62.19
7360.98
902.14
62538.07
87.24
7153.69
837.06
94716.25
48.13
8025.39
380.75
18694.37
82.53
9012.64
695.24
53706.18
70.52
3904.81
402.86
63951.08
71.64
7359.12
862.97
49108.36
59.24
3704.15
157.02
26458.73
47.29
9036.18
410.29
58207.43
79.64
3815.96
207.94
62841.53
60.15
1387.69
479.61
23051.78
87.02
4295.63
508.96
36718.42
80.39
3274.15
640.79
50128.47
30.95
8521.63
207.39
58603.46
91.42
8415.97
602.85
81372.04
62.91
4379.56
918.65
51043.72
25.07
4903.68
256.49
18073.26
37.85
4809.13
314.79
52168.04
79.52
2708.63
580.46
92317.06
71.42
8352.79
340.17
80925.63
58.13
6298.74
951.78
73064.28
56.14
6301.92
710.54
64839.52
90.34
8269.71
943.07
12076.95
80.53
5216.84
