41.36
702.51
6918.34
82096.75
96.04
730.91
2854.16
45728.39
37.85
918.03
4627.35
62049.81
53.06
950.12
7485.31
92740.86
92.57
731.64
2806.43
70195.28
54.82
713.68
2907.16
39085.24
57.48
763.84
5209.13
10597.26
37.16
618.05
9246.38
25471.09
40.93
204.58
3671.42
53719.86
81.49
302.98
5706.92
56307.41
91.26
790.85
3146.02
64158.37
25.06
913.85
7402.69
27013.48
93.82
356.01
7498.26
74093.15
57.08
812.73
5496.25
60937.41
48.36
280.93
1754.86
57142.09
93.64
614.08
7524.16
27095.38
35.08
159.36
9427.53
72061.84
79.82
250.86
5149.63
32701.48
70.18
430.69
2571.08
57243.96
85.19
218.45
3906.74
67301.92
31.98
750.63
4921.79
21460.85
53.14
367.84
2950.36
79582.01
51.06
684.39
7023.51
64208.79
50.27
351.86
4729.61
39470.28
51.48
890.64
2973.46
37052.81
