68147.39
208.56
9420.71
54.93
46830.12
637.52
7901.48
61.95
71630.58
824.19
9732.06
45.27
84153.97
350.48
9627.01
25.06
69340.72
549.08
3658.21
73.18
30816.29
945.07
2617.84
52.73
71802.49
248.03
6379.51
53.86
73216.94
905.38
7241.86
51.06
27094.85
430.61
8175.36
20.59
60257.39
415.09
8617.34
84.92
25670.39
428.61
1037.48
93.58
62813.57
905.81
6230.49
75.04
39071.52
610.47
6954.28
73.28
59410.27
478.36
6391.85
20.49
65078.23
146.82
5397.41
91.06
63017.59
842.56
1720.93
64.81
41072.83
470.96
5316.28
57.92
74210.96
685.29
3704.85
24.19
57066.84
183.92
3517.06
40.52
28170.53
920.65
7138.64
48.93
93810.67
547.21
3829.54
36.08
52087.43
250.68
9634.71
92.17
17920.53
968.71
4635.02
64.18
21849.65
730.59
4207.13
85.06
54120.97
862.97
6038.54
34.19
