38.45
2194.36
250.78
39701.68
24.58
8457.62
307.91
93107.26
48.73
3094.28
925.16
57164.09
98.16
7019.36
276.43
42581.65
70.51
9584.36
461.02
78209.03
49.72
6135.94
780.25
27018.36
58.93
6082.37
426.01
48937.15
61.09
4250.93
836.17
61527.48
50.12
7394.86
710.54
25038.69
49.75
8591.63
372.04
41892.06
16.03
3586.17
417.29
56082.49
27.03
4572.96
938.12
61087.54
83.72
9356.41
290.84
58017.36
48.76
4920.53
912.47
59031.68
38.05
5294.36
407.61
75908.12
97.05
2608.53
641.39
70481.25
35.49
2609.74
893.17
54126.08
72.83
3814.75
340.96
80629.51
46.27
9301.82
729.65
48503.71
91.86
8652.37
145.02
74109.36
23.08
6351.48
715.93
26804.97
60.14
5729.68
419.03
37526.81
92.47
6185.04
203.96
53781.49
52.07
4725.93
628.14
68107.39
65.03
4097.28
152.68
14507.39
