8209.74
31.68
64597.03
153.82
7201.36
52.71
82540.93
684.97
6137.82
15.69
49260.38
710.54
7093.41
84.91
26087.53
945.26
3804.92
70.85
51260.43
576.19
2069.41
83.67
74985.13
501.62
3017.56
98.45
38274.01
389.26
9460.25
79.41
58032.17
506.83
6150.42
73.92
19576.84
490.38
1047.26
98.67
41528.03
275.39
8043.72
82.59
36510.47
693.81
2904.16
94.85
53061.87
361.72
5278.41
39.06
74685.23
219.07
8513.69
10.73
65074.28
490.52
5467.39
71.39
50184.62
420.98
3927.18
70.94
39460.52
854.61
1539.26
27.68
20143.97
705.84
6507.28
90.15
47302.16
495.83
8507.93
91.36
58402.16
174.62
4173.95
36.08
81240.76
325.89
2570.83
92.74
71082.56
394.61
9418.52
57.06
20657.13
308.94
3179.42
50.83
56078.39
241.86
6193.25
65.14
49710.86
708.23
7164.59
24.09
64307.18
829.35
