43.91
643.18
6291.75
71039.46
30.52
738.56
4096.57
49075.63
50.24
920.18
3910.84
53802.47
63.08
497.82
6140.25
29183.76
82.17
475.83
4596.28
51960.27
34.19
481.36
6971.52
49013.07
56.23
736.58
5709.16
74390.56
50.42
810.29
9403.81
58703.25
30.86
749.28
5402.16
39681.72
72.81
587.34
4869.52
50769.21
93.14
481.63
6257.19
30971.04
52.63
376.58
6071.95
39506.74
42.05
810.19
8410.93
50482.73
86.03
849.27
4610.52
72938.16
71.28
745.38
6925.84
50917.26
93.14
638.41
5912.76
50973.14
30.62
738.65
6109.75
59307.64
52.04
810.92
8104.93
58307.42
60.83
728.49
5021.46
73819.62
72.18
583.47
6842.59
59072.61
34.91
634.18
2951.67
40917.36
53.62
730.58
6901.57
65940.73
50.24
910.28
8140.39
35820.74
60.83
748.29
6104.52
71936.28
81.97
745.38
4285.62
51076.92
