69.54
603.68
9041.37
62046.83
39.84
751.69
7023.05
54038.19
52.68
586.72
6752.49
41027.35
29.13
321.74
4197.58
48507.19
32.18
740.81
9023.76
62985.01
96.45
603.86
7490.13
34620.86
83.49
691.57
5023.07
40915.38
86.26
762.85
9425.76
42710.35
91.32
741.23
7489.51
90481.75
81.32
741.08
3769.02
62850.19
94.56
630.86
4017.93
60348.62
83.94
717.95
5027.03
53804.19
85.26
576.28
6572.94
72410.35
32.19
217.34
9457.81
57184.09
82.13
814.07
2793.06
82196.05
64.59
680.63
7490.31
60638.24
98.34
571.96
3027.05
35910.84
52.68
685.27
6752.94
42731.05
32.91
327.41
4915.87
57198.04
83.12
741.08
9023.67
69802.15
69.54
680.63
4709.13
68243.06
38.94
961.57
3050.72
53480.91
52.68
725.86
4927.56
50142.37
92.31
347.12
7854.19
48957.01
28.13
807.14
9203.67
69850.21
