48029.53
86.91
350.69
4098.37
39580.17
92.15
816.74
6407.18
61502.47
52.84
638.25
5942.38
39027.81
36.21
970.67
6537.04
37420.91
70.49
612.95
3621.75
48059.23
61.98
608.35
7490.38
57091.38
95.21
617.48
4706.81
60154.27
82.54
826.35
5942.83
73902.18
32.16
640.79
4653.04
47203.19
90.47
526.19
2716.35
84502.39
69.81
580.63
7490.38
71395.08
52.19
741.68
6081.47
65102.47
58.42
563.28
3859.42
29308.71
36.12
947.06
5306.74
47309.12
90.47
562.91
7231.65
83490.25
91.68
650.38
7390.48
58071.93
51.29
748.61
4716.08
42701.65
85.24
362.58
9258.34
70391.82
61.32
704.69
5374.06
70491.23
74.09
519.62
3576.12
48035.29
81.69
630.58
7849.03
50917.38
25.91
741.86
8601.47
61402.75
48.52
362.85
3584.29
18207.19
62.13
794.06
6340.57
47301.92
49.07
961.25
6315.27
