794.16
5039.16
82309.16
35.61
706.28
4093.68
64053.62
80.25
953.82
6056.43
72091.58
72.49
851.28
9718.43
71428.53
20.61
718.49
5970.14
53127.04
74.38
461.97
5036.91
83296.07
51.63
620.87
9408.63
56403.62
80.52
853.29
5064.36
25917.08
49.27
852.91
4831.47
48173.25
60.21
479.18
7594.01
53271.04
74.83
974.61
5013.69
89623.07
56.13
708.62
9860.43
53064.26
58.02
392.58
6340.65
71085.92
49.27
592.18
7184.39
37281.54
26.12
749.81
9071.54
40517.23
38.74
749.61
5036.19
60792.83
65.13
702.86
8590.43
35206.46
50.82
538.52
6340.65
52780.91
72.49
291.85
8491.73
83725.41
10.62
819.47
4015.97
53247.01
83.74
496.17
9160.35
62370.89
56.31
680.27
4038.06
64256.03
52.08
958.23
6053.64
52018.97
49.72
589.12
4831.97
25483.71
60.12
987.14
4019.75
74012.53
74.38
