9361.28
54307.61
81.92
704.28
5301.27
54130.92
50.41
605.87
6405.29
53082.46
71.46
608.92
6439.87
30826.19
53.14
371.52
4597.36
71893.04
85.79
729.86
3692.81
65071.43
81.29
708.42
7052.31
39245.01
40.51
570.86
2095.46
68240.53
61.47
860.29
8749.63
82630.19
41.53
215.73
6379.45
93140.87
97.85
682.97
8216.93
43157.06
91.28
480.27
5201.73
54039.12
50.14
680.75
9206.45
58042.63
46.71
608.29
4983.67
62903.18
41.35
521.37
9457.36
74930.81
87.59
796.82
6231.68
64073.15
82.19
724.08
2570.13
39245.01
40.51
605.87
4650.29
63452.08
64.17
902.86
3687.49
62830.19
41.35
215.73
5493.76
80714.93
97.85
728.69
6392.18
60751.34
81.92
702.84
5370.21
54031.29
40.15
705.86
5640.92
82065.43
46.71
860.29
7493.86
63820.91
35.14
572.13
3697.45
79480.13
97.58
768.29
