37.62
3447.25
831.49
43.09
7606.54
38553.72
421.96
25.93
39202.15
2490.85
5912.80
80816.97
58.64
789.09
56379.12
16.27
91034.78
147.68
6105.01
734.06
72.36
2474.53
934.18
94.30
4705.66
73235.85
129.46
52.39
10922.53
8902.45
9852.01
16089.87
85.46
978.09
59613.27
61.72
37940.81
718.64
1050.61
670.43
27.63
7434.25
189.43
39.04
5460.67
53587.32
694.12
35.92
30952.21
9520.48
1052.89
79881.60
68.45
890.79
73125.96
76.21
10347.98
841.76
1100.56
634.70
63.72
5732.44
391.48
30.94
4656.70
82535.73
261.49
93.52
29130.25
5029.84
2810.59
96088.71
45.68
979.08
21357.69
71.26
47930.18
687.14
5600.11
460.37
32.67
4527.43
431.89
90.34
6675.04
23587.53
961.42
29.35
52092.31
4580.92
8091.25
68978.01
86.45
799.80
93672.15
26.71
78031.94
467.81
6501.10
347.06
