529.19
53981.72
23.95
3430.58
120.36
5906.82
57.13
38278.03
5864.43
57479.28
610.39
62.54
24001.36
9861.40
125.96
91.84
87681.38
1040.78
692.84
65.47
219.59
79821.35
35.92
4085.33
613.02
9058.26
17.53
77388.02
8344.65
24577.98
901.36
24.56
46010.32
4706.91
269.51
14.89
38108.76
8140.07
496.82
47.56
992.15
25398.71
53.29
5343.08
603.12
2908.56
75.31
23078.87
3454.86
95278.74
130.96
52.64
30602.14
6019.74
619.25
84.91
10778.63
1740.80
246.89
57.64
919.52
18532.79
29.53
8340.53
310.62
8059.26
71.35
37808.27
4348.56
87749.25
396.01
65.24
13204.06
7146.09
592.61
49.18
87106.83
7080.14
824.96
76.45
129.95
91352.87
93.25
8045.33
230.61
6982.05
31.75
80737.28
6484.53
49772.85
631.60
46.25
61002.43
1046.97
915.62
81.49
73808.16
4708.01
928.64
57.64
