4088.32
41.35
94990.38
369.01
60733.25
5022.41
95827.31
1201.75
84.97
456.01
64.51
4506.29
906.73
12056.97
67.58
178.60
2468.98
83473.61
78.52
829.43
3480.28
51.43
83909.94
603.91
52373.06
4202.15
39875.12
5071.01
89.74
541.60
14.65
9605.42
697.03
67012.59
85.76
670.81
6988.24
73463.81
72.85
493.28
3808.24
31.45
49098.93
931.60
73036.25
5402.12
27139.85
7102.15
74.98
610.45
61.45
6509.24
730.96
29605.17
68.57
108.67
9428.86
87634.31
82.75
938.24
8024.38
15.34
90498.39
103.96
32035.76
2125.04
13257.89
1701.25
49.87
650.41
15.64
2465.90
936.70
70251.96
56.78
718.06
4886.92
61433.87
58.72
824.39
2308.84
54.31
30489.99
960.13
20637.35
1220.45
89123.57
2170.51
97.48
105.64
46.51
5429.06
379.60
50729.61
78.56
860.71
8698.42
71384.36
25.78
984.23
