71393.98
709.82
40.76
8145.74
638.02
92.54
1037.65
948.58
24.86
59602.43
89104.67
691.05
2437.08
67.54
65717.32
2253.07
308.65
12.89
41915.63
1932.03
37319.98
872.09
74.06
5814.47
623.80
49.25
5761.03
898.45
48.62
40629.53
94607.18
150.96
8074.12
56.74
27376.51
2032.75
536.80
91.28
36114.95
9031.23
13378.99
920.87
67.40
7484.51
203.86
25.94
7301.56
489.58
82.64
60952.34
10468.97
501.69
1847.20
64.75
12577.36
7320.52
305.68
28.19
11354.96
3209.31
89313.97
270.98
70.64
4471.85
380.26
54.29
3105.67
958.84
64.28
39206.45
68409.71
951.06
1027.48
74.65
71762.35
5730.22
683.05
81.92
94151.36
2109.33
93913.78
978.20
60.74
1457.84
820.36
94.52
6017.35
588.94
62.84
24309.56
19047.68
569.10
7421.08
45.76
31277.65
3502.27
835.60
29.18
61931.45
3932.01
