190.28
64.78
7265.35
130.89
57916.39
209.48
65.42
7782.45
92855.74
95.14
3841.02
39.16
621.73
29786.41
2330.46
90046.57
78.40
6287.05
307.16
93011.08
298.01
86.74
3565.72
389.01
61399.75
942.08
24.65
5778.24
47595.82
94.51
1238.04
96.13
263.71
71296.84
4332.06
60795.04
40.78
5876.02
637.01
83031.91
890.12
48.76
2367.55
309.81
96159.73
804.29
52.64
8457.27
85592.74
14.59
8321.40
69.13
317.62
49871.62
6362.04
57006.49
70.84
2570.68
760.13
10389.31
210.89
78.64
6327.55
801.39
13659.97
409.28
42.56
2754.78
58749.52
45.91
4021.83
13.69
716.32
12467.89
3360.42
40605.79
47.08
7586.02
601.37
30191.83
109.82
87.46
5635.27
930.18
39697.51
249.80
62.54
4877.52
25847.59
51.49
2043.81
91.36
123.67
91247.86
3042.36
75406.90
87.04
8206.75
176.03
11330.89
