72.63
2474.35
349.18
34.09
6740.56
25573.83
496.12
35.29
25210.93
4502.89
8059.21
78608.91
68.45
907.98
97562.13
27.16
74019.38
487.61
5010.61
673.04
37.26
3742.54
498.31
90.34
5606.74
53758.32
912.64
25.93
10229.35
2984.05
2510.89
69878.01
45.68
789.09
65712.39
71.62
48790.13
864.17
6101.05
340.76
62.73
4547.32
831.49
49.03
7605.46
82373.55
612.49
53.92
52023.19
9048.25
1890.25
89807.16
65.48
890.97
57921.36
62.71
19870.34
184.67
1610.50
367.04
32.67
7324.45
931.84
30.49
4665.07
35357.82
216.94
93.52
91032.25
5029.48
5108.29
91880.67
84.56
799.08
76293.15
16.27
90738.14
718.46
6110.05
706.43
27.36
5344.27
183.94
40.93
6054.67
73355.28
192.64
52.39
32029.51
8054.29
9081.52
18987.01
56.84
890.79
32915.76
67.12
30918.47
647.18
5001.16
403.76
