78391.39
207.89
70.46
4847.51
602.38
92.54
5301.76
598.48
48.26
30694.25
91046.87
510.96
2801.47
64.75
37572.16
3752.02
608.53
82.91
16319.45
9031.23
39731.98
879.20
64.07
8145.74
230.86
54.29
6701.35
485.89
86.24
40956.32
60719.48
609.15
1802.47
57.46
56717.32
2570.23
503.86
19.28
46951.31
2190.33
13973.89
708.92
47.06
7518.45
386.02
42.95
3017.65
898.45
62.48
29043.65
49687.10
906.15
8704.32
46.57
73127.65
5703.22
380.65
81.29
51419.36
2093.31
93197.83
928.07
76.04
1474.85
830.62
94.52
1706.35
985.84
64.82
69302.54
81709.46
190.65
4871.02
74.56
61727.53
7035.22
856.03
21.98
31695.41
3912.03
87139.93
298.70
46.70
5147.84
326.08
25.49
7156.03
498.85
24.68
54029.63
70194.68
569.10
7408.21
75.64
27567.13
2073.25
650.38
98.21
94136.51
9323.10
