3280.48
31.45
89394.09
690.13
36037.52
2025.41
82139.57
7101.25
97.48
510.46
51.64
9502.64
907.36
51027.69
78.65
708.61
4988.26
91384.36
72.85
248.39
8023.84
13.45
40989.93
369.01
62037.35
5201.24
75132.89
5012.17
87.49
601.45
64.15
6209.54
739.06
70295.61
67.58
610.87
9868.24
84736.13
57.28
382.94
4808.23
41.35
89949.03
190.36
50337.26
4212.05
91273.58
7501.21
78.94
165.04
41.65
5029.46
376.90
56012.79
86.75
817.06
6829.48
31876.43
85.72
483.92
2088.34
54.13
39909.48
603.19
73056.23
1520.42
31759.85
2011.75
74.89
405.61
45.61
2046.59
690.73
60129.75
56.87
187.06
2846.89
61847.33
82.57
948.32
2348.08
35.41
90399.84
916.03
26307.53
2421.50
23975.18
1205.71
49.87
401.56
16.45
4905.26
306.97
76012.59
65.78
681.07
8924.86
43768.31
28.75
893.24
