902.81
48.76
5673.25
903.18
59619.73
804.29
62.54
8247.57
58259.74
41.59
2130.48
36.19
731.26
21784.96
6063.24
60590.74
87.04
6570.28
716.03
38190.31
201.89
84.67
6253.75
190.83
37159.69
249.08
56.24
7827.45
48575.29
19.54
8012.34
91.63
623.71
41697.28
4630.33
50964.07
40.78
5806.72
130.67
93103.18
810.92
68.74
2735.65
380.19
96973.15
480.92
46.52
5747.28
85925.47
49.51
3208.41
61.93
216.73
69748.12
3642.03
40069.75
70.84
7806.25
703.61
31091.08
128.09
78.46
7535.62
398.01
61397.95
498.20
24.56
4782.57
75248.59
95.14
4120.83
19.36
376.12
98127.46
2063.34
70904.56
74.08
8670.52
370.16
81309.13
289.01
47.86
3655.27
813.09
19369.57
924.08
52.46
5874.75
25584.97
51.94
3840.21
31.96
167.32
69217.48
3036.42
90760.54
80.47
2850.67
637.10
11930.83
