925.19
35928.17
53.92
3304.58
201.36
8295.06
31.75
20837.87
9634.84
78257.94
601.39
65.42
40126.03
4906.71
261.95
91.48
37106.78
1804.07
926.48
75.64
591.92
52187.93
35.29
4083.35
320.61
6259.80
75.13
70382.78
6385.44
57274.98
319.06
52.64
20603.41
6019.47
619.52
41.89
60788.13
7008.41
849.62
67.45
219.59
87912.53
93.25
5334.08
126.03
2056.98
17.35
33087.82
3645.48
47798.52
306.91
46.25
16004.23
9184.06
591.62
89.14
81786.83
7081.04
428.69
76.45
195.92
21395.87
59.23
5048.33
610.32
5908.62
37.51
80387.72
5443.68
29574.87
910.36
25.46
61240.30
1706.94
961.25
48.91
76880.31
4708.10
298.96
56.74
259.91
95187.23
23.59
8034.53
301.62
9205.68
73.15
78207.38
8364.54
87729.45
190.63
54.62
30104.26
4109.76
195.26
94.81
16738.08
8070.14
624.89
47.56
