186083178197
186083178197
010071071174
128088088035
161071071174
161071071174
004158033125
004158056211
004158056211
056057049194
056057049194
056057049194
126194057125
048127147096
167114022071
167114022071
092126162129
092126162129
128178092040
126162116129
126162116129
057045170095
057045170095
056170095204
057125194143
057125194143
144125194143
170095197211
170095197211
088040118197
070040194035
070040194035
080116024194
144124117180
035030156206
035030156206
144124087134
035030066202
035030066202
010087035055
043007057013
043007057013
048072040197
088028067089
088028067089
087035093055
087035093156
198087035055
198087035055
198087035055
144087035055
144077035201
186049072125
186049072125
174057035013
031035040125
116057072125
116057072125
025009057035
004035030205
004035030205
057035030204
048072040156
048072040156
057087035055
069089087057
087035092197
089087057087
080116122014
146089121202
170187083100
170187083100
085188079035
085188079035
025035048035
067025057101
067025057101
062057071212
080116025101
004085188214
004085188214
021104147197
049040194035
025046002116
025046002116
057045116013
116062154194
116062154194
017147028171
057071186204
057071186204
186057071210
186057071210
012035028171
012035028171
130048079134
002072040206
002072040206
016002072040
030009057203
030009057203
107116025071
116025078071
004035085003
004035085003
035072006156
154035072048
151035137189
151035137189
035072147134
051040194040
051040194040
051040194040
144057057010
144057057010
144057057010
168125056211
168125056211
057045057010
057057057010
116025057156
071009023207
117040028197
198136065048
198136065048
057010048035
057010048035
144010048035
076071055204
076071055204
038116155210
038116155210
057117040028
159089117028
088034071210
159028052010
038079021121
038079021121
116028194057
079021089121
079021089121
067195006102
067195006102
004012035153
144004017194
144004017194
161159035046
161159035046
010130051204
010130051204
144130051204
144130051204
148158057105
010023125210
010023125210
088023125210
138130051206
144175057201
144175057201
048175057153
125195119040
128005153156
107176125056
067126171118
067126171118
076025116048
076025116048
004017089030
012025035194
016042057201
035171025114
138087096209
138087096209
076030039089
004182143153
004182143153
107083178040
080116079040
198035045201
198035045201
035057147045
107182143035
107182143035
072040042071
057030168210
057030168210
056117013057
010030039201
088030039201
088035171025
057045045201
057045045201
107176125105
107137013186
035171025118
064030039202
072040057089
069025032210
069025032210
110072040055
116013057048
138025032212
159089035025
159089035025
057040066202
057040066202
076057040204
126057040101
088057040204
125116125040
144125116040
144125116040
122079178201
165154165213
165154165213
178158072040
178158072040
083178047168
195125049035
195125049035
056110147210
056110147210
080116025048
122110147210
122110147210
115116035040
115116035040
025116049153
107125033201
107125033201
038195116125
038195116125
056125033201
056125033201
088125033201
107109040125
109040125212
107049166207
107049166207
016028194125
107191191089
115164099211
115164099211
010088129201
010088129201
088193193156
034079119071
186087025202
161168168168
161168168168
122127180201
107057046210
107057046210
107189069204
107189069204
033099125210
033099125210
004189069205
004189069205
057099125210
134079087057
134079089071
134079087174
144177060201
144177060201
144159133204
144159133204
020096159147
020096159147
017087035013
017087035013
107017087013
126087087030
122093035201
122093035201
186093035201
115038013147
010117040028
010117040028
128087087025
128087087025
035042194215
035042194215
005035040035
005035040035
035147035202
035048035202
035048035202
182143035202
182143035202
035057072040
035147174180
035147174180
033057057057
049072040125
109035188215
086007125212
086007125212
116062081212
116163093194
176137116038
117164035082
116064025030
142078025168
142078025168
098038194194
098038194194
098038194194
042057194213
042057194213
035052035040
030158180202
030137062057
015193040168
015193040168
021006049203
021006049203
021014061206
021014061206
021137189087
021004017111
021014022062
021088088071
002067176215
002067176215
002057040071
002057040071
002125195004
002040057071
025025041210
042062193202
042062193202
079108055204
079108055204
169001055204
013028194055
069085055204
069192055204
069192055204
035057147055
013011057055
150150055204
150150055204
159085188055
004092092055
012028147055
021137189055
088129153055
004088129055
116038060055
072137126194
072137126194
088117194213
088117194213
088116171210
088175125210
088175125210
088002081210
088167167213
088167167213
088002040116
088002040116
088035194194
088035194194
088117030204
088116007125
088116007125
088087188213
088126074213
088126074213
088159035201
088159035201
088159035201
088028174201
088028174201
088044041210
088044041210
088040118210
088110087210
088110087210
088079057201
088079057201
088119134210
088159167213
088159167213
088195167213
088195167213
088068057201
088068057201
088026057201
088023093201
088023093201
088013028194
088013028194
088057082213
088057082213
088110147210
088110147210
088089093201
088089093201
088142078213
088142078213
088123054204
088123054204
088131081210
088131081210
088158101210
088158101210
088171110040
088171110040
088017116032
088035151021
088035151021
088035072125
088030142125
088049025201
088049025201
088057035013
088057035013
088070035194
088170095204
088170095204
088171117013
088171117013
088017087040
088034093201
088004023057
088004023057
088017052017
088042051204
088040119014
088049010210
088049010210
088113174201
088113174201
088104116030
088104116030
088072025057
088072025057
088159193193
088159193193
088159089001
088159089001
088195015201
088195015201
088030004071
088030004071
088002049174
088167167104
088049079194
088049079194
088060035102
088079108197
088154174201
088154174201
088148158078
088159112089
088159112089
088168088129
088091028147
088026057057
088004079118
088002078049
088088129153
088127147194
088127147194
088130049025
088130049025
088064035101
088079021121
088079021121
087028147211
087035146202
087087093035
087035057004
116125140211
116125154211
116125154211
089035194214
191191006089
191191006089
145158006089
145158006089
137116038035
136049030102
137045116119
137045116119
079035093125
079035057060
079035057060
079125194074
072035085212
072035085212
074072035078
131171078214
131171078214
127158116007
131171101211
126170182101
126107176101
126107176101
126152072087
126179101211
126062057147
126194057125
126194057125
126194057125
134035164035
134035164035
134035085055
134035085055
134116025078
134116025078
134010089171
134010089171
158099125211
158099125211
158049131211
158049131211
122002081210
122002081210
122002193201
122072087210
122072087210
122011057201
122011057201
122086007125
122189069204
122171057201
122171057201
122002033201
122017147210
122025025201
122026057201
122026057201
122023150210
122023150210
122116025078
122109035057
122109035057
122087033201
122087033201
122079178040
122158067204
122158067204
122148093201
122148093201
122116025057
122080116033
122080116033
122171117013
122171117013
122185168210
122185168210
122099125210
122099125210
122113174201
122113174201
122179087210
122087125197
122079179201
122126087030
122126087030
122004017194
122035065147
122035065147
122043007035
122043007035
122049079194
122049079194
122057057194
122087035055
122097028168
122097028168
122130048201
122130048201
122132158040
122134079057
122134079057
122125195004
122004049013
122004049013
122148158078
122148158078
122060089119
122060089119
122137089066
122137089066
122197116066
122132072015
122132072015
122137093175
122137093175
122002078049
122088129153
122170182057
122030072014
122030072014
122079021121
122087087035
182143035188
186035078213
186035078213
186116030204
186116030204
186028054204
186028054204
186109168210
186042057201
186117040028
186117040028
186047168210
186047168210
186169001201
186169001201
025021068213
025109168210
025109168210
025004028201
025024167213
025024167213
025042057201
025042195207
025111125210
025111125210
025086007125
025086007125
025159167213
025195167213
025195167213
025164035134
025164035134
025164035134
025163068213
025163068213
025035151035
025035151035
025035171025
025035171025
025072035057
025072035057
025069192213
025069192213
025116045157
025116045157
025116072057
025116072057
025123189204
025126194087
025178102210
025178102210
025057033201
025057033201
025048032210
025057072087
025057072087
025057071210
025097032210
025097032210
025159028078
025159028078
025030039201
025013049194
025013049194
025048079108
025048079108
025104116030
025104116030
025087125197
025092092201
025092092201
025079057125
025079057125
025178158040
025178158040
025178141210
025178141210
025195189069
025005194010
025005194010
025012025201
025012025201
025064124213
025064124213
025088194013
025035057040
025035057040
025021104147
025021104147
025048064168
025048064168
025128178040
025144175010
004035072040
004030168211
004021068214
004021188214
004167167214
004167167214
004072087211
004072078214
004072078214
004116007125
004116007125
004087087211
004087125194
004079108208
004086007214
004086007214
004074168211
004074168211
004126041211
004126041211
004159035202
004181194214
004181194214
004194125087
004194125087
004035010211
004035010211
004004028202
004004028202
004035147035
004035147035
004024167214
004024167214
004024168211
004024168211
004093035202
004093035202
004072025202
004072025202
004072057202
004072057202
004088025202
004088032211
004087125170
004079125035
004086035187
004086116187
004158025202
004158194030
004158194030
004195007214
004195007214
004175057202
004035165087
004035165087
004007116078
004007116078
004167167030
004045167214
004045167214
004057057202
004072035057
004072035057
004062057202
004110147211
004110147211
004079048202
004079048202
004085057202
004123054205
004131081211
004144001202
004158110040
004158110040
004158140211
004158140211
004178032211
004178032211
004178102211
004178102211
004195125134
004194134013
004181147211
004161001202
004161001202
004161032211
004161032211
004025079087
004030158180
004048032211
004057072087
004057072087
004113098214
004113098214
004116107116
004116107116
004117164134
004117164134
004088040118
004088040118
004088130202
004087113211
004087113211
004087035146
004097180202
004097174202
004097174202
004080116194
004080116150
004159028078
004125178102
004125178102
004158079035
023194052066
107035040035
107035040035
107025194125
107025194125
107049040204
107049040204
107088032210
107088032210
107163068213
107163068213
107026057201
107026057201
107116013054
107177085210
107177085210
107057172213
107057172213
107097032210
107178116057
107178116057
107035013199
107185186204
107185186204
107021025025
107013028147
107013011057
107013011057
107062033125
107104116030
107104116030
107079154210
107079154210
107130057201
107130057201
107125195014
107125195093
107164030071
107164030071
107005194010
107010049035
107010049035
107002049174
107076079087
107076079087
107087035055
107130048201
107159035035
107195057133
107116038054
107116038054
069168028040
069072035057
069116013054
069079048201
069079178040
069079178040
069004158068
069004158068
069035154210
069035154210
069010089171
069010089171
069013049194
069013049194
198171089119
198002035087
198002035087
198025137030
198017052017
198148072057
198148072057
198072137213
198072137213
198072025057
198072025057
198079108197
198079108197
198126087030
198048066201
198057040071
198057057213
198057057213
198064124213
198064124213
198069022052
198114150210
198114150210
198117049119
198034163147
198034163147
198137178152
198137178152
198128178040
198049127147
198049127147
198088129153
198130049025
198010010046
198010010046
198126062147
198126062147
198004064038
198004064038
035013199211
035013199211
186023001199
139028194040
139028194040
139023171212
139023171212
139126074215
139057057203
139062010212
139062010212
139079049194
139079049194
139125178102
139125178102
139009057035
139009057035
139049049203
139179078215
139179078215
139097158168
139086007049
139086007049
139124087134
139038014212
139038014212
116040035013
116040035010
116040035125
097028116168
097028116168
097032043074
092028194213
092028194213
126194093202
092028052204
092028052204
092028078213
092028078213
092013125210
092013125210
092023171210
092023171210
092035189194
092035189194
092072087210
092072087210
092083087210
092083087210
092024167213
092024167213
092007147210
092007147210
092044041210
092044041210
092042195207
092049040204
092116040028
092116040028
092109171125
092109171125
092087096207
092087096207
092079057201
092079057201
092086007125
092086007125
092169001201
092169001201
092149078213
092149078213
092072035057
092072035057
092062013210
092062013210
092087028171
092087028171
092081010210
092081010210
092126194087
092137003204
092137003204
092137013210
092057072087
092057072087
092087087025
092087087025
092097180201
092097180201
092159028078
092159028078
092195140210
092195140210
092034093201
092013049194
092017052017
092179087210
092179087210
092159028147
092159035046
092159035046
092178028157
092017087013
092017087013
092030072030
092030072030
092022072017
092048066201
092048066201
092057057194
092057057194
092087035055
092137013025
092137013174
092035057030
092035057030
124117101093
092159112089
092159112089
092137013141
092159089025
092132158057
092026057168
092004158099
092004158099
092057057010
092126062035
092126062035
092128137152
092128137152
092154085040
092154085040
035194035087
081023072087
013011057087
116030179087
130048083087
087035057087
074081079191
130074081210
074081039089
074081039089
074081179168
014014014081
074081150150
074081150150
026158035168
026158067168
026158067168
026158035168
017040017123
123017052054
123139035147
124087134210
124087134210
124117035040
124117035040
124117116194
124117072126
124117116034
124117195166
124117126082
124117013057
150194108207
150028194040
150028194040
150035189194
150087188213
150087188213
150116137040
150116137040
050125033201
050125033201
150126163210
150126163210
171057150211
171057150211
150088167030
150088167030
150136018204
150136018204
150036057201
150036057201
150087125057
150087125057
150139197210
150139197210
150042051204
150042051204
150150150211
150015092201
150049130201
150049130201
150060035102
150060035102
150088017168
150088017168
088057010150
150159035035
150159035035
150125195004
150178102156
150178102156
150086125060
150049064168
150049064168
150132072057
150132072057
195028147150
150200104201
150116072013
150116072013
150116154060
064013049194
064025171153
064030072030
064030072030
064198088129
064198088129
064005029173
064005029173
064136065049
064136065049
025171066202
086035140066
086035140066
137089066056
076116035194
076168125210
076168125210
076035147210
076013125210
076013125210
076002193201
076002193201
076109168201
076109168201
076087125194
076126074213
076134030204
076134030204
176033125210
076035045201
076011057201
076011057201
076002057201
076002057201
076023072040
076024168210
076002194116
076048035201
076048035201
076086147210
076086147210
076126072040
076126163210
076126163210
076159166213
076159166213
076197116207
076195166213
076195166213
076047168210
076047168210
076168028040
076168028040
076025116194
076025116166
076023093201
076021194116
076021194116
076035137087
076007116078
076007116078
076002040186
076148178201
076148178201
076057072040
076062013210
076069192213
076069192213
076110147210
076110147210
076116026157
076116025171
076088167030
076088167030
076087033201
076087033201
076087035057
076081010210
076081010210
076142078213
076142078213
076083178040
076083178040
076083172213
076126171078
076126171078
076144194108
076144194108
076174057201
076174057201
076004158068
076004158068
076035154210
076008197210
076052168025
076052168025
076057033201
076057033201
076049025201
076049025201
076116025057
076116107116
076087087025
076087087025
076097032210
076097032210
076126171082
076139035003
076139048201
076125178102
076178158168
076178158168
076195194057
076186011057
076186011057
076034093201
076004023057
076004023057
076013030003
076013030003
076049035032
076049010210
076049010210
076049166166
076049166166
076062015201
076079108197
076079108197
076130057201
076137013188
076150150210
076150150210
076177060201
076177060201
076017040013
076017040013
076166166104
076166166104
076166166104
076060197210
076060197210
076057057194
076116030179
076179040168
076097028168
076127101210
076154174201
076154174201
076135085032
076165054071
076165054071
076196038201
076196038201
076004049013
076035057040
076088129098
076087035105
076086125060
076137089066
076137089066
076159099210
076159099210
076159112089
076159112089
076012028147
076012028147
076148158025
076049064168
076049064168
076060163147
076060163147
076128178040
138004028203
138004028203
138011057203
138048035203
138048035203
138117040028
138079191215
138144147116
138099125212
138099125212
138017052017
138113174203
138113174203
138179087212
138179087212
138124087134
138136049030
138035057055
138035137025
138088194013
138088194013
138136018001
138193040168
138193040168
138168125056
138168125056
138017040197
138004049013
138116094168
138142087093
138142087093
138006070089
138006070089
138012028147
138012028147
138060163147
138060163147
138071071174
138071071174
138091028147
138091028147
138186118034
138186083197
138186083197
138200087096
138033123033
138033123033
138035057071
138130049197
138195006168
138195006168
138195057133
138195057133
138030039071
138038038129
138038038129
130035057147
159089085211
159089085211
159089165214
159089165214
159089035194
005029079121
005029170010
005029028025
005029006095
073093087054
073093087054
