250203701102241
250203620610551
250203701007003
250403740913021
250202660510001
250203541201201
250203540403105
250381741129001
250381690919801
250381790224071
250381740912501
250381770101072
250381770305032
250221750908033
250221761020072
250381680306072
250381770206071
250381671003072
250381741021072
250221671006072
250381730617072
250201650101072
250381670304072
250381640128072
250221660720071
250221720418072
250221750210072
250381711110072
250381670220723
250381661129073
250381711115071
250381650801074
250381691004072
250381721208072
250381741106072
250221730111072
250221711231072
250381720702072
250381660301071
250381641117057
250381670325071
250381660117071
250381661106071
250381790108071
250381670125071
250381680620071
250221701019071
250381650827071
250381730108073
250381641207073
250381690905071
250381711120071
250381690130072
250381641207071
250221740415072
250381740821711
250381680312072
250381660206071
250381660110072
250381750103004
250381621116071
250221641009071
250381720807072
250381660605072
250381630808071
250221600828072
250381700509071
250381650801075
250381721004072
250381760918002
250381660221071
250381690304072
250381691013072
250221741224074
250221720401071
250381750306604
250381700126033
250381661123071
250381710803071
250381650109071
250221760107073
250381680531071
250221720223071
250221640102073
250381681116071
250381670927071
250381740428079
250381681005072
250381681225071
250381690111072
250381650912072
250381740924072
250221650513071
250381760208473
250381720220072
250221521102071
250381720112072
250221540602071
250381650905033
250381721017074
250221650504073
250381660320071
250221540124071
250381640102071
250381721111071
250381690107071
250381661014072
250203720110602
250211700906372
250203701003001
250381731213011
250381640713072
250381650325072
250381660308072
250381710223072
250221590308072
250381690124072
250381640923072
250221750320072
250221760320072
250381691223072
250381770405071
250221740830072
250381780125262
250381630122072
250381730806072
250381671222072
250381710605072
250381640625072
250381710419072
250381671222074
250221751001072
250381741224072
250381700406032
250381740724072
250381710521072
250381730601072
250381661008072
250381710813072
250381730721072
250381730118072
250381660306072
250381650515072
250381720220032
250222731109002
250381660222072
250381670728072
250381650917071
250221631009073
250381681218032
250381691216074
250381710826072
250381760808611
250381740302072
250381730510072
250381670608072
250221650507071
250381680901072
250381700219072
250381730619071
250381651120071
250381701080723
250381631030071
250381670415071
250381670523074
250221610730003
250381741118072
250381640104071
250381660912071
250202501203004
250203621119154
250203690303302
250202711117002
250203740816004
250203670427154
250203670704102
250203690619252
250222731219442
250203711224202
250203700224204
250203690404151
250203700610052
250203711008003
250203550901052
250203690223152
250203570910351
250222740228382
250203700516201
250203560104301
250203650818355
250203650916153
250202641106005
250203630801207
250102781116052
250203761119351
250203781206004
250203760710154
250203750112105
250203780122303
250203780810103
250103811224802
250203760313051
250103810516052
250203811025002
250203750303151
250203771003351
250203791112301
250203630612301
250202690713002
250202641106005
250203630801207
250203590831202
250202500808252
250203611230353
250203630601301
250203710728201
250203690428051
250203680829102
250203631002252
250203700804302
250203661128301
250203681123152
250203700828301
250203660210301
250203791103301
250203791010302
250203690122151
250203760411301
250203760128301
250203740109151
250202508190022
250203690112151
250203710428351
250203670327351
250203790209152
250202640514002
250203670711302
250203790326301
250202500802001
250203700216152
250203730706301
250203711411301
250203650101052
250203620316152
250203691004152
250203641220001
250203651022252
250203720650031
250201730502582
250203690638101
250203750831301
250203780828302
250203810130202
250203810711252
250202730206001
250203640916152
250203660218051
250203780105202
250381670708051
250381721215033
250381741114031
250381721220361
250381730103801
250381721016805
250381730515195
250203720317102
250203720117105
250203711026352
250203681116051
250203720326051
250203581115351
250203620111101
250203680514351
250203630209351
250221570805033
250203630811151
250381701106071
250221760217072
250381690412072
250381760312361
250381770830072
250381720716802
250381710507072
250381790619071
250381720701028
250381650308071
250381661219072
250381661226071
250381781230072
250381751024071
250221640208072
250381781031072
250381790327072
250381751010071
250381691221071
250381710410072
250381630923072
250381781112072
250381710202072
250381710127072
250381720724072
250381791218072
250381640905071
250232270104066
250221650125072
250381640935072
250381671002005
250221651126071
250381680214072
250381660505072
250381680805001
250381691402072
250221511114071
250381620230071
250381640720071
250381631010072
250381670317072
250381630829072
250221690901002
250381670922072
250381700215032
250381760416004
250381770814751
250381650727072
250381711206801
250381810324802
250381811127802
250381780330003
250221601216542
250381800425001
250381760804802
250221620407036
250381720327002
250381740304071
250381730928431
250381710125802
250381780213001
250381730720803
250381720425003
250381740727001
250103811016054
250221591009071
250221660601072
250381690201071
250221590520071
250381630319073
250221630126071
250221720611071
250381740608071
250381651021071
250381711219003
250381631107071
250381690310071
250381611003073
250381740916071
250381700204071
250381661201071
250221521120071
250381641020071
250381740307071
250221560918071
250381660815071
250221591011071
250381641010071
250381730320071
250381731006071
250381641209071
250381661120071
250381660413071
250221690816801
250381680528071
250381640401071
250381630526071
250381710316071
250221731107005
250221570408071
250381640122071
250381650418071
250381700928071
250381710130031
250381660605071
250221640703071
250381631001071
250381730408071
250381741226071
250381710816071
